11001001 11 258.
101011] 158, 288, 290.
1101001 A. 288, 815.
11011011] N. 255
1100001011] Β. 55.
510101 Ε. 251.

Na] A 155.

101011 162.

10110101 J. 194.
11011 N. 55, 153.
ἔξῗὸἯΡἪΨ.
11011101 V. 80.

11011100 A. 165.
1100010100 P. 151
11010εο01 Gt 96.
1110011 arbim. 277.
1111100νῖ1 150

141101 N. 177, 261. 815.
14110115 1. 152.

11110115 V. 78

110011] N. 55.
1111101115 263.
11οά0010111. 55.
1400101 78.

11111101 V. 5.

11010101 11. 47, 52, 272.
Μώ1561000

[110101] 87.
1111000 V. 52, 275.

110101 N. 120.
Nau A. 255.
11110001 00. 55.
1111011110 00, 273.
1111010] 00. 56.
1111010111] Κ. 155.
1111101011] 11. 44.
01101011] S. 255.
1111010111] V. 46.
1111100 N. 802, 809.
1101111 F. 7.
00110110]οΗ A. 26

01110001 N. 155.
010001011] A 288.
Oliva J. 87.

01110 V. 7, 12.

01101 Δ. 274, 275.
01101 11. 119.
01101011] Ρ. 56
0011000101 N. 47, 252.

20101011 A. 17, 258, 255.
2010101 N. 156

20001 117.

200011οο010 11. 119.

slav. 1111. 01001.

- 321 -·

2000000010οΚοΜοη Δ. 120.

2010001011 A. 250.
20011001 2. 11, 120.
20110 122.

201101 A. 111, 282.
2111101011· A. 56
2000111 . 195.
2010001111 V. 258.
20111 L. 121.

· 201100. 256.

2011 L. 40, 51, 276, 280.
2011011011] L. 256.
201101 Β. 252.
20001011] A 156.
20001011 S. 258.
2051111100 01001. 118.
2001010 A. 8, 8, 10, 12, 245.
201101011] 1. 46
201101011] N. 256.
20111010 010110. 118.
2000010101 A. 158.
2000010101 P. 256
20001 A. 156.

200011. 56.

20001 Κ. 118.

20001 11. 56, 102.
20001 N. 56, 276.
20001 V. 110.

200οο1 11. 118.
2111011. 5, 6, 8, 9, 10.
2100510100011] 115.
2100010100011] 1. 56.
2100510100011] N. 51.
2100510100011] P. 117, 118.
2110011101 A. 117.
2100010010 Th. 254
2101000115 Th. 288.
2101000001 2. 256.

1101110010 1. 128.
11001 2. 256.

mis} 21'08'

11000011 “ A 56, 256.
Redin . 121.

11010111 2. 240.
ffifflroaeffi 250.
1100001010 V. 81
11001101 J. 6.
11000001 N. 119.
11010001 0. 174
110100011οω11] 118.
20010110 S. 114.
110000011156.
11010100 Ι. 194.
1111115101. 5.
11111111· ¹¹⁸·

 

